#reader(lib"read.ss""wxme")WXME0108 ## 
#|
   This file uses the GRacket editor format.
   Open this file in DrRacket version 5.0.1 or later to read it.

   Most likely, it was created by saving a program in DrRacket,
   and it probably contains a program with non-text elements
   (such as images or comment boxes).

            http://racket-lang.org/
|#
 28 7 #"wxtext\0"
3 1 6 #"wxtab\0"
1 1 8 #"wxmedia\0"
4 1 8 #"wximage\0"
2 0 34 #"(lib \"syntax-browser.ss\" \"mrlib\")\0"
1 0 16 #"drscheme:number\0"
3 0 44 #"(lib \"number-snip.ss\" \"drscheme\" \"private\")\0"
1 0 36 #"(lib \"comment-snip.ss\" \"framework\")\0"
1 0 43 #"(lib \"collapsed-snipclass.ss\" \"framework\")\0"
0 0 19 #"drscheme:sexp-snip\0"
0 0 36 #"(lib \"cache-image-snip.ss\" \"mrlib\")\0"
1 0 30 #"(lib \"image-core.ss\" \"mrlib\")\0"
1 0 33 #"(lib \"bullet-snip.ss\" \"browser\")\0"
0 0 29 #"drscheme:bindings-snipclass%\0"
1 0 25 #"(lib \"matrix.ss\" \"htdp\")\0"
1 0 22 #"drscheme:lambda-snip%\0"
1 0 57
#"(lib \"hrule-snip.rkt\" \"macro-debugger\" \"syntax-browser\")\0"
1 0 45 #"(lib \"image-snipr.ss\" \"slideshow\" \"private\")\0"
1 0 26 #"drscheme:pict-value-snip%\0"
0 0 38 #"(lib \"pict-snipclass.ss\" \"slideshow\")\0"
2 0 55 #"(lib \"vertical-separator-snip.ss\" \"stepper\" \"private\")\0"
1 0 18 #"drscheme:xml-snip\0"
1 0 31 #"(lib \"xml-snipclass.ss\" \"xml\")\0"
1 0 21 #"drscheme:scheme-snip\0"
2 0 34 #"(lib \"scheme-snipclass.ss\" \"xml\")\0"
1 0 10 #"text-box%\0"
1 0 32 #"(lib \"text-snipclass.ss\" \"xml\")\0"
1 0 15 #"test-case-box%\0"
2 0 1 6 #"wxloc\0"
          0 0 47 0 1 #"\0"
0 75 1 #"\0"
0 12 90 -1 90 -1 3 -1 0 1 0 1 0 0 0 0 0 0 0 0 0 0 0 255 255 255 1 -1 0 9
#"Standard\0"
0 75 11 #" Monospace\0"
0 12 90 -1 90 -1 3 -1 0 1 0 1 0 0 0 0 0 0 0 0 0 0 0 255 255 255 1 -1 2 1
#"\0"
0 -1 1 #"\0"
1 0 -1 -1 -1 -1 -1 -1 0 0 0 0 0 0 1 1 1 1 1 1 0 0 0 0 0 0 -1 -1 2 24
#"framework:default-color\0"
0 -1 1 #"\0"
1 0 -1 -1 -1 -1 -1 -1 0 0 0 0 0 0 0 0 0 1 1 1 0 0 0 0 0 0 -1 -1 2 1
#"\0"
0 -1 1 #"\0"
1 0 -1 -1 -1 -1 -1 -1 0 0 0 0 0 0 0 0 0 1 1 1 150 0 150 0 0 0 -1 -1 2 15
#"text:ports out\0"
0 -1 1 #"\0"
1 0 -1 -1 -1 -1 -1 -1 0 0 0 0 0 0 0 0 0 1 1 1 150 0 150 0 0 0 -1 -1 2 1
#"\0"
0 -1 1 #"\0"
1.0 0 -1 -1 93 -1 -1 -1 0 0 0 0 0 0 0 0 0 1.0 1.0 1.0 255 0 0 0 0 0 -1
-1 2 15 #"text:ports err\0"
0 -1 1 #"\0"
1.0 0 -1 -1 93 -1 -1 -1 0 0 0 0 0 0 0 0 0 1.0 1.0 1.0 255 0 0 0 0 0 -1
-1 2 1 #"\0"
0 -1 1 #"\0"
1 0 -1 -1 -1 -1 -1 -1 0 0 0 0 0 0 0 0 0 1 1 1 0 0 175 0 0 0 -1 -1 2 17
#"text:ports value\0"
0 -1 1 #"\0"
1 0 -1 -1 -1 -1 -1 -1 0 0 0 0 0 0 0 0 0 1 1 1 0 0 175 0 0 0 -1 -1 2 1
#"\0"
0 -1 1 #"\0"
1.0 0 92 -1 -1 -1 -1 -1 0 0 0 0 0 0 0 0 0 1.0 1.0 1.0 34 139 34 0 0 0 -1
-1 2 27 #"Matching Parenthesis Style\0"
0 -1 1 #"\0"
1.0 0 92 -1 -1 -1 -1 -1 0 0 0 0 0 0 0 0 0 1.0 1.0 1.0 34 139 34 0 0 0 -1
-1 2 1 #"\0"
0 -1 1 #"\0"
1 0 -1 -1 -1 -1 -1 -1 0 0 0 0 0 0 0 0 0 1 1 1 38 38 128 0 0 0 -1 -1 2 37
#"framework:syntax-color:scheme:symbol\0"
0 -1 1 #"\0"
1 0 -1 -1 -1 -1 -1 -1 0 0 0 0 0 0 0 0 0 1 1 1 38 38 128 0 0 0 -1 -1 2 38
#"framework:syntax-color:scheme:keyword\0"
0 -1 1 #"\0"
1 0 -1 -1 -1 -1 -1 -1 0 0 0 0 0 0 0 0 0 1 1 1 38 38 128 0 0 0 -1 -1 2 1
#"\0"
0 -1 1 #"\0"
1 0 -1 -1 -1 -1 -1 -1 0 0 0 0 0 0 0 0 0 1 1 1 194 116 31 0 0 0 -1 -1 2
38 #"framework:syntax-color:scheme:comment\0"
0 -1 1 #"\0"
1 0 -1 -1 -1 -1 -1 -1 0 0 0 0 0 0 0 0 0 1 1 1 194 116 31 0 0 0 -1 -1 2 1
#"\0"
0 -1 1 #"\0"
1 0 -1 -1 -1 -1 -1 -1 0 0 0 0 0 0 0 0 0 1 1 1 41 128 38 0 0 0 -1 -1 2 37
#"framework:syntax-color:scheme:string\0"
0 -1 1 #"\0"
1 0 -1 -1 -1 -1 -1 -1 0 0 0 0 0 0 0 0 0 1 1 1 41 128 38 0 0 0 -1 -1 2 39
#"framework:syntax-color:scheme:constant\0"
0 -1 1 #"\0"
1 0 -1 -1 -1 -1 -1 -1 0 0 0 0 0 0 0 0 0 1 1 1 41 128 38 0 0 0 -1 -1 2 1
#"\0"
0 -1 1 #"\0"
1 0 -1 -1 -1 -1 -1 -1 0 0 0 0 0 0 0 0 0 1 1 1 132 60 36 0 0 0 -1 -1 2 42
#"framework:syntax-color:scheme:parenthesis\0"
0 -1 1 #"\0"
1 0 -1 -1 -1 -1 -1 -1 0 0 0 0 0 0 0 0 0 1 1 1 132 60 36 0 0 0 -1 -1 2 1
#"\0"
0 -1 1 #"\0"
1 0 -1 -1 -1 -1 -1 -1 0 0 0 0 0 0 0 0 0 1 1 1 255 0 0 0 0 0 -1 -1 2 36
#"framework:syntax-color:scheme:error\0"
0 -1 1 #"\0"
1 0 -1 -1 -1 -1 -1 -1 0 0 0 0 0 0 0 0 0 1 1 1 255 0 0 0 0 0 -1 -1 2 1
#"\0"
0 -1 1 #"\0"
1 0 -1 -1 -1 -1 -1 -1 0 0 0 0 0 0 0 0 0 1 1 1 0 0 0 0 0 0 -1 -1 2 36
#"framework:syntax-color:scheme:other\0"
0 -1 1 #"\0"
1 0 -1 -1 -1 -1 -1 -1 0 0 0 0 0 0 0 0 0 1 1 1 0 0 0 0 0 0 -1 -1 2 1
#"\0"
0 -1 1 #"\0"
1 0 -1 -1 -1 -1 -1 -1 0 0 0 0 0 0 0 0 0 1 1 1 81 112 203 0 0 0 -1 -1 2
38 #"drracket:check-syntax:lexically-bound\0"
0 -1 1 #"\0"
1 0 -1 -1 -1 -1 -1 -1 0 0 0 0 0 0 0 0 0 1 1 1 81 112 203 0 0 0 -1 -1 2 1
#"\0"
0 -1 1 #"\0"
1 0 -1 -1 -1 -1 -1 -1 0 0 0 0 0 0 0 0 0 1 1 1 178 34 34 0 0 0 -1 -1 2 28
#"drracket:check-syntax:set!d\0"
0 -1 1 #"\0"
1 0 -1 -1 -1 -1 -1 -1 0 0 0 0 0 0 0 0 0 1 1 1 178 34 34 0 0 0 -1 -1 2 1
#"\0"
0 -1 1 #"\0"
1 0 -1 -1 -1 -1 -1 -1 0 0 0 0 0 0 0 0 0 1 1 1 68 0 203 0 0 0 -1 -1 2 31
#"drracket:check-syntax:imported\0"
0 -1 1 #"\0"
1 0 -1 -1 -1 -1 -1 -1 0 0 0 0 0 0 0 0 0 1 1 1 68 0 203 0 0 0 -1 -1 2 47
#"drracket:check-syntax:my-obligation-style-pref\0"
0 -1 1 #"\0"
1 0 -1 -1 -1 -1 -1 -1 0 0 0 0 0 0 0 0 0 1 1 1 178 34 34 0 0 0 -1 -1 2 1
#"\0"
0 -1 1 #"\0"
1 0 -1 -1 -1 -1 -1 -1 0 0 0 0 0 0 0 0 0 1 1 1 0 116 0 0 0 0 -1 -1 2 50
#"drracket:check-syntax:their-obligation-style-pref\0"
0 -1 1 #"\0"
1 0 -1 -1 -1 -1 -1 -1 0 0 0 0 0 0 0 0 0 1 1 1 0 116 0 0 0 0 -1 -1 2 1
#"\0"
0 -1 1 #"\0"
1 0 -1 -1 -1 -1 -1 -1 0 0 0 0 0 0 0 0 0 1 1 1 139 142 28 0 0 0 -1 -1 2
48 #"drracket:check-syntax:unk-obligation-style-pref\0"
0 -1 1 #"\0"
1 0 -1 -1 -1 -1 -1 -1 0 0 0 0 0 0 0 0 0 1 1 1 139 142 28 0 0 0 -1 -1 4 1
#"\0"
0 70 1 #"\0"
1.0 0 -1 -1 -1 -1 -1 -1 0 0 0 0 0 0 1.0 1.0 1.0 1.0 1.0 1.0 0 0 0 0 0 0
-1 -1 4 4 #"XML\0"
0 70 1 #"\0"
1.0 0 -1 -1 -1 -1 -1 -1 0 0 0 0 0 0 1.0 1.0 1.0 1.0 1.0 1.0 0 0 0 0 0 0
-1 -1 4 1 #"\0"
0 71 1 #"\0"
1.0 0 -1 -1 -1 -1 -1 -1 0 0 0 0 0 0 1.0 1.0 1.0 1.0 1.0 1.0 0 0 0 0 0 0
-1 -1 4 1 #"\0"
0 -1 1 #"\0"
1.0 0 -1 -1 -1 -1 -1 -1 1 0 0 0 0 0 0 0 0 1.0 1.0 1.0 0 0 255 0 0 0 -1
-1 4 1 #"\0"
0 71 1 #"\0"
1.0 0 -1 -1 -1 -1 -1 -1 1 0 0 0 0 0 0 0 0 1.0 1.0 1.0 0 0 255 0 0 0 -1
-1 4 1 #"\0"
0 71 1 #"\0"
1.0 0 -1 -1 -1 -1 -1 -1 0 0 0 0 0 0 0 0 0 1.0 1.0 1.0 0 100 0 0 0 0 -1
-1 0 1 #"\0"
0 -1 1 #"\0"
0 10 -1 -1 -1 -1 -1 -1 0 0 0 0 0 0 1.0 1.0 1.0 1.0 1.0 1.0 0 0 0 0 0 0
-1 -1 2 1 #"\0"
0 -1 1 #"\0"
0 10 -1 -1 -1 -1 -1 -1 0 0 0 0 0 0 1.0 1.0 1.0 1.0 1.0 1.0 0 0 0 0 0 0
-1 -1 0 1 #"\0"
0 -1 1 #"\0"
1 0 -1 -1 -1 -1 -1 -1 0 0 0 0 0 0 0 0 0 1 1 1 200 0 0 0 0 0 -1 -1
          0 568 0 17 3 5 #";Part"
0 0 17 3 4 #" 1.2"
0 0 4 29 1 #"\n"
0 0 22 3 1 #"("
0 0 14 3 7 #"display"
0 0 4 3 1 #" "
0 0 19 3 10 #"\"part 1.2\""
0 0 22 3 1 #")"
0 0 4 29 1 #"\n"
0 0 22 3 1 #"("
0 0 14 3 7 #"newline"
0 0 22 3 1 #")"
0 0 19 29 1 #"\n"
0 0 22 3 1 #"("
0 0 15 3 6 #"define"
0 0 19 3 1 #" "
0 0 14 3 1 #"a"
0 0 19 3 1 #" "
0 0 20 3 1 #"1"
0 0 22 3 1 #")"
0 0 19 29 1 #"\n"
0 0 22 3 1 #"("
0 0 15 3 6 #"define"
0 0 19 3 1 #" "
0 0 14 3 1 #"b"
0 0 19 3 1 #" "
0 0 20 3 1 #"2"
0 0 22 3 1 #")"
0 0 19 29 1 #"\n"
0 0 19 29 1 #"\n"
0 0 17 3 4 #";min"
0 0 19 29 1 #"\n"
0 0 22 3 1 #"("
0 0 15 3 6 #"define"
0 0 19 3 1 #" "
0 0 22 3 1 #"("
0 0 14 3 7 #"minimum"
0 0 19 3 1 #" "
0 0 14 3 1 #"x"
0 0 19 3 1 #" "
0 0 14 3 1 #"y"
0 0 22 3 1 #")"
0 0 19 29 1 #"\n"
0 0 19 3 2 #"  "
0 0 22 3 1 #"("
0 0 14 3 2 #"if"
0 0 19 3 1 #" "
0 0 22 3 1 #"("
0 0 14 3 1 #">"
0 0 19 3 1 #" "
0 0 14 3 1 #"x"
0 0 19 3 1 #" "
0 0 14 3 1 #"y"
0 0 22 3 1 #")"
0 0 19 29 1 #"\n"
0 0 19 3 3 #"   "
0 0 14 3 1 #"y"
0 0 19 29 1 #"\n"
0 0 19 3 3 #"   "
0 0 14 3 1 #"x"
0 0 19 29 1 #"\n"
0 0 19 3 2 #"  "
0 0 22 3 1 #")"
0 0 19 3 2 #"  "
0 0 19 29 1 #"\n"
0 0 22 3 1 #")"
0 0 19 29 1 #"\n"
0 0 22 3 1 #"("
0 0 14 3 7 #"display"
0 0 19 3 2 #" \""
0 0 19 3 7 #"minimum"
0 0 19 3 1 #" "
0 0 19 3 2 #"of"
0 0 19 3 1 #" "
0 0 19 3 1 #"1"
0 0 19 3 1 #" "
0 0 19 3 3 #"and"
0 0 19 3 3 #" 2-"
0 0 19 3 2 #" \""
0 0 22 3 1 #")"
0 0 19 29 1 #"\n"
0 0 22 3 1 #"("
0 0 14 3 7 #"minimum"
0 0 19 3 1 #" "
0 0 14 3 1 #"a"
0 0 19 3 1 #" "
0 0 14 3 1 #"b"
0 0 22 3 1 #")"
0 0 19 29 1 #"\n"
0 0 22 3 1 #"("
0 0 14 3 7 #"newline"
0 0 22 3 1 #")"
0 0 19 29 1 #"\n"
0 0 19 29 1 #"\n"
0 0 17 3 4 #";max"
0 0 19 29 1 #"\n"
0 0 22 3 1 #"("
0 0 15 3 6 #"define"
0 0 19 3 1 #" "
0 0 22 3 1 #"("
0 0 14 3 7 #"maximum"
0 0 19 3 1 #" "
0 0 14 3 1 #"x"
0 0 19 3 1 #" "
0 0 14 3 1 #"y"
0 0 22 3 1 #")"
0 0 19 29 1 #"\n"
0 0 19 3 2 #"  "
0 0 22 3 1 #"("
0 0 14 3 2 #"if"
0 0 19 3 1 #" "
0 0 22 3 1 #"("
0 0 14 3 1 #">"
0 0 19 3 1 #" "
0 0 14 3 1 #"x"
0 0 19 3 1 #" "
0 0 14 3 1 #"y"
0 0 22 3 1 #")"
0 0 19 29 1 #"\n"
0 0 19 3 3 #"   "
0 0 14 3 1 #"x"
0 0 19 29 1 #"\n"
0 0 19 3 3 #"   "
0 0 14 3 1 #"y"
0 0 19 29 1 #"\n"
0 0 19 3 2 #"  "
0 0 22 3 1 #")"
0 0 19 3 2 #"  "
0 0 19 29 1 #"\n"
0 0 22 3 1 #")"
0 0 19 29 1 #"\n"
0 0 22 3 1 #"("
0 0 14 3 7 #"display"
0 0 19 3 2 #" \""
0 0 19 3 7 #"maximum"
0 0 19 3 1 #" "
0 0 19 3 2 #"of"
0 0 19 3 1 #" "
0 0 19 3 1 #"1"
0 0 19 3 1 #" "
0 0 19 3 3 #"and"
0 0 19 3 1 #" "
0 0 19 3 2 #"2-"
0 0 19 3 2 #" \""
0 0 22 3 1 #")"
0 0 24 29 1 #"\n"
0 0 22 3 1 #"("
0 0 14 3 7 #"maximum"
0 0 24 3 1 #" "
0 0 14 3 1 #"a"
0 0 24 3 1 #" "
0 0 14 3 1 #"b"
0 0 22 3 1 #")"
0 0 24 29 1 #"\n"
0 0 22 3 1 #"("
0 0 14 3 7 #"newline"
0 0 22 3 1 #")"
0 0 24 29 1 #"\n"
0 0 24 29 1 #"\n"
0 0 22 3 1 #"("
0 0 15 3 6 #"define"
0 0 24 3 1 #" "
0 0 14 3 1 #"l"
0 0 24 3 1 #" "
0 0 22 3 1 #"("
0 0 14 3 4 #"cons"
0 0 24 3 1 #" "
0 0 20 3 1 #"'"
0 0 14 3 4 #"this"
0 0 24 3 1 #" "
0 0 14 3 4 #"null"
0 0 22 3 2 #"))"
0 0 24 29 1 #"\n"
0 0 4 29 1 #"\n"
0 0 17 3 4 #";1.3"
0 0 4 29 1 #"\n"
0 0 22 3 1 #"("
0 0 14 3 7 #"display"
0 0 4 3 1 #" "
0 0 19 3 5 #"\"1.3\""
0 0 22 3 1 #")"
0 0 4 29 1 #"\n"
0 0 22 3 1 #"("
0 0 14 3 7 #"newline"
0 0 22 3 1 #")"
0 0 4 29 1 #"\n"
0 0 24 29 1 #"\n"
0 0 22 3 1 #"("
0 0 15 3 6 #"define"
0 0 24 3 1 #" "
0 0 22 3 1 #"("
0 0 14 3 3 #"li?"
0 0 24 3 1 #" "
0 0 14 3 1 #"i"
0 0 22 3 1 #")"
0 0 24 3 1 #" "
0 0 24 29 1 #"\n"
0 0 24 3 3 #"   "
0 0 22 3 1 #"("
0 0 14 3 2 #"or"
0 0 24 3 1 #" "
0 0 24 29 1 #"\n"
0 0 24 3 4 #"    "
0 0 22 3 1 #"("
0 0 14 3 5 #"pair?"
0 0 24 3 1 #" "
0 0 14 3 1 #"i"
0 0 22 3 1 #")"
0 0 24 3 1 #" "
0 0 24 29 1 #"\n"
0 0 24 3 3 #"   "
0 0 4 3 1 #" "
0 0 22 3 1 #"("
0 0 14 3 5 #"null?"
0 0 24 3 1 #" "
0 0 14 3 1 #"i"
0 0 22 3 1 #")"
0 0 24 29 1 #"\n"
0 0 24 3 3 #"   "
0 0 22 3 1 #")"
0 0 24 29 1 #"\n"
0 0 22 3 1 #")"
0 0 4 29 1 #"\n"
0 0 22 3 1 #"("
0 0 14 3 7 #"display"
0 0 4 3 1 #" "
0 0 19 3 23 #"\"li? with '(8 4 3 2)- \""
0 0 22 3 1 #")"
0 0 24 29 1 #"\n"
0 0 22 3 1 #"("
0 0 14 3 3 #"li?"
0 0 24 3 1 #" "
0 0 20 3 1 #"'"
0 0 22 3 1 #"("
0 0 20 3 1 #"8"
0 0 24 3 1 #" "
0 0 20 3 1 #"4"
0 0 24 3 1 #" "
0 0 20 3 1 #"3"
0 0 24 3 1 #" "
0 0 20 3 1 #"2"
0 0 22 3 2 #"))"
0 0 4 29 1 #"\n"
0 0 22 3 1 #"("
0 0 14 3 7 #"display"
0 0 4 3 1 #" "
0 0 19 3 14 #"\"li? with 4- \""
0 0 22 3 1 #")"
0 0 4 29 1 #"\n"
0 0 22 3 1 #"("
0 0 14 3 3 #"li?"
0 0 4 3 1 #" "
0 0 20 3 1 #"4"
0 0 22 3 1 #")"
0 0 4 29 1 #"\n"
0 0 22 3 1 #"("
0 0 14 3 7 #"newline"
0 0 22 3 1 #")"
0 0 4 29 1 #"\n"
0 0 4 29 1 #"\n"
0 0 17 3 4 #";1.4"
0 0 4 29 1 #"\n"
0 0 22 3 1 #"("
0 0 14 3 7 #"display"
0 0 19 3 5 #"\"1.3\""
0 0 22 3 1 #")"
0 0 4 29 1 #"\n"
0 0 22 3 1 #"("
0 0 14 3 7 #"newline"
0 0 22 3 1 #")"
0 0 4 29 1 #"\n"
0 0 4 29 1 #"\n"
0 0 22 3 1 #"("
0 0 15 3 6 #"define"
0 0 4 3 1 #" "
0 0 22 3 1 #"("
0 0 14 3 7 #"propli?"
0 0 4 3 1 #" "
0 0 14 3 1 #"i"
0 0 22 3 1 #")"
0 0 4 3 1 #" "
0 0 4 29 1 #"\n"
0 0 4 3 3 #"   "
0 0 22 3 1 #"("
0 0 14 3 2 #"or"
0 0 4 3 1 #" "
0 0 4 29 1 #"\n"
0 0 4 3 4 #"    "
0 0 22 3 1 #"("
0 0 14 3 3 #"and"
0 0 4 29 1 #"\n"
0 0 4 3 7 #"       "
0 0 22 3 1 #"("
0 0 14 3 5 #"pair?"
0 0 4 3 1 #" "
0 0 14 3 1 #"i"
0 0 22 3 1 #")"
0 0 4 29 1 #"\n"
0 0 4 3 7 #"       "
0 0 22 3 1 #"("
0 0 14 3 6 #"equal?"
0 0 4 3 1 #" "
0 0 22 3 1 #"("
0 0 14 3 3 #"car"
0 0 22 3 1 #"("
0 0 14 3 7 #"reverse"
0 0 4 3 1 #" "
0 0 14 3 1 #"i"
0 0 22 3 2 #"))"
0 0 4 3 1 #" "
0 0 20 3 1 #"'"
0 0 22 3 3 #"())"
0 0 4 29 1 #"\n"
0 0 4 3 4 #"    "
0 0 22 3 1 #")"
0 0 4 29 1 #"\n"
0 0 4 3 3 #"   "
0 0 4 3 1 #" "
0 0 22 3 1 #"("
0 0 14 3 5 #"null?"
0 0 4 3 1 #" "
0 0 14 3 1 #"i"
0 0 22 3 1 #")"
0 0 4 29 1 #"\n"
0 0 4 3 3 #"   "
0 0 22 3 1 #")"
0 0 4 29 1 #"\n"
0 0 22 3 1 #")"
0 0 4 29 1 #"\n"
0 0 22 3 1 #"("
0 0 14 3 7 #"display"
0 0 4 3 1 #" "
0 0 19 3 21 #"\"propli? (8 3 4 5)- \""
0 0 22 3 1 #")"
0 0 4 29 1 #"\n"
0 0 22 3 1 #"("
0 0 14 3 7 #"propli?"
0 0 4 3 1 #" "
0 0 20 3 1 #"'"
0 0 22 3 1 #"("
0 0 20 3 1 #"8"
0 0 4 3 1 #" "
0 0 20 3 1 #"3"
0 0 4 3 1 #" "
0 0 20 3 1 #"4"
0 0 4 3 1 #" "
0 0 20 3 1 #"5"
0 0 22 3 2 #"))"
0 0 4 29 1 #"\n"
0 0 22 3 1 #"("
0 0 14 3 7 #"display"
0 0 4 3 1 #" "
0 0 19 3 24 #"\"propli? (8 3 4 5 ())- \""
0 0 22 3 1 #")"
0 0 4 29 1 #"\n"
0 0 22 3 1 #"("
0 0 14 3 7 #"propli?"
0 0 4 3 1 #" "
0 0 20 3 1 #"'"
0 0 22 3 1 #"("
0 0 20 3 1 #"8"
0 0 4 3 1 #" "
0 0 20 3 1 #"3"
0 0 4 3 1 #" "
0 0 20 3 1 #"4"
0 0 4 3 1 #" "
0 0 20 3 1 #"5"
0 0 4 3 1 #" "
0 0 22 3 4 #"()))"
0 0 4 29 1 #"\n"
0 0 22 3 1 #"("
0 0 14 3 7 #"newline"
0 0 22 3 1 #")"
0 0 4 29 1 #"\n"
0 0 4 29 1 #"\n"
0 0 17 3 4 #";1.5"
0 0 4 29 1 #"\n"
0 0 22 3 1 #"("
0 0 14 3 7 #"display"
0 0 4 3 1 #" "
0 0 19 3 5 #"\"1.5\""
0 0 22 3 1 #")"
0 0 4 29 1 #"\n"
0 0 22 3 1 #"("
0 0 14 3 7 #"newline"
0 0 22 3 1 #")"
0 0 4 29 1 #"\n"
0 0 4 29 1 #"\n"
0 0 22 3 1 #"("
0 0 15 3 6 #"define"
0 0 4 3 1 #" "
0 0 22 3 1 #"("
0 0 14 3 5 #"nlist"
0 0 4 3 1 #" "
0 0 14 3 1 #"n"
0 0 4 3 1 #" "
0 0 14 3 3 #"obj"
0 0 22 3 1 #")"
0 0 4 29 1 #"\n"
0 0 4 3 3 #"   "
0 0 22 3 1 #"("
0 0 14 3 2 #"if"
0 0 4 3 1 #" "
0 0 22 3 1 #"("
0 0 14 3 1 #"="
0 0 4 3 1 #" "
0 0 14 3 1 #"n"
0 0 4 3 1 #" "
0 0 20 3 1 #"0"
0 0 22 3 1 #")"
0 0 4 29 1 #"\n"
0 0 4 3 7 #"       "
0 0 20 3 1 #"'"
0 0 22 3 2 #"()"
0 0 4 29 1 #"\n"
0 0 4 3 7 #"       "
0 0 22 3 1 #"("
0 0 14 3 4 #"cons"
0 0 4 3 1 #" "
0 0 14 3 3 #"obj"
0 0 4 3 1 #" "
0 0 22 3 1 #"("
0 0 14 3 5 #"nlist"
0 0 4 3 1 #" "
0 0 22 3 1 #"("
0 0 14 3 1 #"-"
0 0 4 3 1 #" "
0 0 14 3 1 #"n"
0 0 4 3 1 #" "
0 0 20 3 1 #"1"
0 0 22 3 1 #")"
0 0 4 3 1 #" "
0 0 14 3 3 #"obj"
0 0 22 3 2 #"))"
0 0 4 29 1 #"\n"
0 0 4 3 3 #"   "
0 0 22 3 1 #")"
0 0 4 29 1 #"\n"
0 0 22 3 1 #")"
0 0 4 29 1 #"\n"
0 0 22 3 1 #"("
0 0 14 3 7 #"display"
0 0 4 3 1 #" "
0 0 19 3 13 #"\"nlist 4 6- \""
0 0 22 3 1 #")"
0 0 24 29 1 #"\n"
0 0 22 3 1 #"("
0 0 14 3 7 #"display"
0 0 24 3 1 #" "
0 0 22 3 1 #"("
0 0 14 3 5 #"nlist"
0 0 24 3 1 #" "
0 0 20 3 1 #"4"
0 0 24 3 1 #" "
0 0 20 3 1 #"6"
0 0 22 3 2 #"))"
0 0 4 29 1 #"\n"
0 0 22 3 1 #"("
0 0 14 3 7 #"newline"
0 0 22 3 1 #")"
0 0 4 29 1 #"\n"
0 0 4 29 1 #"\n"
0 0 17 3 4 #";1.6"
0 0 4 29 1 #"\n"
0 0 22 3 1 #"("
0 0 14 3 7 #"display"
0 0 4 3 1 #" "
0 0 19 3 5 #"\"1.6\""
0 0 22 3 1 #")"
0 0 4 29 1 #"\n"
0 0 22 3 1 #"("
0 0 14 3 7 #"newline"
0 0 22 3 1 #")"
0 0 4 29 1 #"\n"
0 0 4 29 1 #"\n"
0 0 22 3 1 #"("
0 0 15 3 6 #"define"
0 0 4 3 1 #" "
0 0 22 3 1 #"("
0 0 14 3 2 #"o?"
0 0 4 3 1 #" "
0 0 14 3 3 #"num"
0 0 22 3 1 #")"
0 0 4 29 1 #"\n"
0 0 4 3 3 #"   "
0 0 22 3 1 #"("
0 0 14 3 2 #"if"
0 0 4 3 2 #"  "
0 0 22 3 1 #"("
0 0 14 3 1 #"="
0 0 4 3 1 #" "
0 0 14 3 3 #"num"
0 0 4 3 1 #" "
0 0 20 3 1 #"1"
0 0 22 3 1 #")"
0 0 4 29 1 #"\n"
0 0 4 3 6 #"      "
0 0 19 3 5 #"\"odd\""
0 0 19 29 1 #"\n"
0 0 19 3 6 #"      "
0 0 22 3 1 #"("
0 0 14 3 2 #"e?"
0 0 19 3 1 #" "
0 0 22 3 1 #"("
0 0 14 3 1 #"-"
0 0 19 3 1 #" "
0 0 14 3 3 #"num"
0 0 19 3 1 #" "
0 0 20 3 1 #"2"
0 0 22 3 2 #"))"
0 0 19 29 1 #"\n"
0 0 19 3 3 #"   "
0 0 22 3 1 #")"
0 0 19 29 1 #"\n"
0 0 22 3 1 #")"
0 0 19 29 1 #"\n"
0 0 19 29 1 #"\n"
0 0 22 3 1 #"("
0 0 15 3 6 #"define"
0 0 19 3 1 #" "
0 0 22 3 1 #"("
0 0 14 3 2 #"e?"
0 0 19 3 1 #" "
0 0 14 3 3 #"num"
0 0 22 3 1 #")"
0 0 19 29 1 #"\n"
0 0 19 3 3 #"   "
0 0 22 3 1 #"("
0 0 14 3 2 #"if"
0 0 19 3 2 #"  "
0 0 22 3 1 #"("
0 0 14 3 1 #"="
0 0 19 3 1 #" "
0 0 14 3 3 #"num"
0 0 19 3 1 #" "
0 0 20 3 1 #"0"
0 0 22 3 1 #")"
0 0 19 29 1 #"\n"
0 0 19 3 15 #"         \"even\""
0 0 24 29 1 #"\n"
0 0 24 3 9 #"         "
0 0 22 3 1 #"("
0 0 14 3 2 #"o?"
0 0 24 3 1 #" "
0 0 22 3 1 #"("
0 0 14 3 1 #"-"
0 0 24 3 1 #" "
0 0 14 3 3 #"num"
0 0 24 3 1 #" "
0 0 20 3 1 #"2"
0 0 22 3 2 #"))"
0 0 24 29 1 #"\n"
0 0 24 3 3 #"   "
0 0 22 3 1 #")"
0 0 24 29 1 #"\n"
0 0 22 3 1 #")"
0 0 4 29 1 #"\n"
0 0 22 3 1 #"("
0 0 14 3 7 #"display"
0 0 4 3 1 #" "
0 0 19 3 10 #"\"(o? 5)- \""
0 0 22 3 1 #")"
0 0 4 29 1 #"\n"
0 0 22 3 1 #"("
0 0 14 3 2 #"o?"
0 0 4 3 1 #" "
0 0 20 3 2 #"11"
0 0 22 3 1 #")"
0           0
